



<!DOCTYPE html>
<html lang="en" class=" is-u2f-enabled">
  <head prefix="og: http://ogp.me/ns# fb: http://ogp.me/ns/fb# object: http://ogp.me/ns/object# article: http://ogp.me/ns/article# profile: http://ogp.me/ns/profile#">
    <meta charset='utf-8'>
    

    <link crossorigin="anonymous" href="https://assets-cdn.github.com/assets/frameworks-298818692f75de57d67115ca5a0c1f983d1d5ad302774216c297495f46f0a3da.css" integrity="sha256-KYgYaS913lfWcRXKWgwfmD0dWtMCd0IWwpdJX0bwo9o=" media="all" rel="stylesheet" />
    <link crossorigin="anonymous" href="https://assets-cdn.github.com/assets/github-5cdfa79e1c4beb2f5bf44e460eab049867751ad7d5bc0c37f2faab8233768bf0.css" integrity="sha256-XN+nnhxL6y9b9E5GDqsEmGd1GtfVvAw38vqrgjN2i/A=" media="all" rel="stylesheet" />
    
    
    <link crossorigin="anonymous" href="https://assets-cdn.github.com/assets/site-73b3dae8eb441c98982c7306f0e59decca409e87188e07bc1a961b8cea511aab.css" integrity="sha256-c7Pa6OtEHJiYLHMG8OWd7MpAnocYjge8GpYbjOpRGqs=" media="all" rel="stylesheet" />
    

    <meta http-equiv="X-UA-Compatible" content="IE=edge">
    <meta http-equiv="Content-Language" content="en">
    <meta name="viewport" content="width=device-width">
    
    <title>Bioinformatics-4-Molecular-Evolution/dataset_10330_6.txt at master · sidsriv/Bioinformatics-4-Molecular-Evolution · GitHub</title>
    <link rel="search" type="application/opensearchdescription+xml" href="/opensearch.xml" title="GitHub">
    <link rel="fluid-icon" href="https://github.com/fluidicon.png" title="GitHub">
    <link rel="apple-touch-icon" href="/apple-touch-icon.png">
    <link rel="apple-touch-icon" sizes="57x57" href="/apple-touch-icon-57x57.png">
    <link rel="apple-touch-icon" sizes="60x60" href="/apple-touch-icon-60x60.png">
    <link rel="apple-touch-icon" sizes="72x72" href="/apple-touch-icon-72x72.png">
    <link rel="apple-touch-icon" sizes="76x76" href="/apple-touch-icon-76x76.png">
    <link rel="apple-touch-icon" sizes="114x114" href="/apple-touch-icon-114x114.png">
    <link rel="apple-touch-icon" sizes="120x120" href="/apple-touch-icon-120x120.png">
    <link rel="apple-touch-icon" sizes="144x144" href="/apple-touch-icon-144x144.png">
    <link rel="apple-touch-icon" sizes="152x152" href="/apple-touch-icon-152x152.png">
    <link rel="apple-touch-icon" sizes="180x180" href="/apple-touch-icon-180x180.png">
    <meta property="fb:app_id" content="1401488693436528">

      <meta content="https://avatars3.githubusercontent.com/u/21344733?v=3&amp;s=400" name="twitter:image:src" /><meta content="@github" name="twitter:site" /><meta content="summary" name="twitter:card" /><meta content="sidsriv/Bioinformatics-4-Molecular-Evolution" name="twitter:title" /><meta content="Bioinformatics-4-Molecular-Evolution - This repository contains code graded assignments from the course &amp;quot;Bioinformatics-4 Molecular Evolution&amp;quot; part of Bioinformatics specialization offere..." name="twitter:description" />
      <meta content="https://avatars3.githubusercontent.com/u/21344733?v=3&amp;s=400" property="og:image" /><meta content="GitHub" property="og:site_name" /><meta content="object" property="og:type" /><meta content="sidsriv/Bioinformatics-4-Molecular-Evolution" property="og:title" /><meta content="https://github.com/sidsriv/Bioinformatics-4-Molecular-Evolution" property="og:url" /><meta content="Bioinformatics-4-Molecular-Evolution - This repository contains code graded assignments from the course &amp;quot;Bioinformatics-4 Molecular Evolution&amp;quot; part of Bioinformatics specialization offere..." property="og:description" />
      <meta name="browser-stats-url" content="https://api.github.com/_private/browser/stats">
    <meta name="browser-errors-url" content="https://api.github.com/_private/browser/errors">
    <link rel="assets" href="https://assets-cdn.github.com/">
    
    <meta name="pjax-timeout" content="1000">
    
    <meta name="request-id" content="F3C9:6A83:3DF55E0:60A3ED2:5890A9A5" data-pjax-transient>

    <meta name="msapplication-TileImage" content="/windows-tile.png">
    <meta name="msapplication-TileColor" content="#ffffff">
    <meta name="selected-link" value="repo_source" data-pjax-transient>

    <meta name="google-site-verification" content="KT5gs8h0wvaagLKAVWq8bbeNwnZZK1r1XQysX3xurLU">
<meta name="google-site-verification" content="ZzhVyEFwb7w3e0-uOTltm8Jsck2F5StVihD0exw2fsA">
    <meta name="google-analytics" content="UA-3769691-2">

<meta content="collector.githubapp.com" name="octolytics-host" /><meta content="github" name="octolytics-app-id" /><meta content="F3C9:6A83:3DF55E0:60A3ED2:5890A9A5" name="octolytics-dimension-request_id" />
<meta content="/&lt;user-name&gt;/&lt;repo-name&gt;/blob/show" data-pjax-transient="true" name="analytics-location" />



  <meta class="js-ga-set" name="dimension1" content="Logged Out">



        <meta name="hostname" content="github.com">
    <meta name="user-login" content="">

        <meta name="expected-hostname" content="github.com">
      <meta name="js-proxy-site-detection-payload" content="ZGQwYmUzODExNjA0ODg1NjhmMWI2NGE1YjQ2MmRjMDE1ZmM0MTZiNmE4NjQ5ZTc4NzMzNTJmYTA3YTY0M2NhN3x7InJlbW90ZV9hZGRyZXNzIjoiOTguMjQyLjIxOC4xNzgiLCJyZXF1ZXN0X2lkIjoiRjNDOTo2QTgzOjNERjU1RTA6NjBBM0VEMjo1ODkwQTlBNSIsInRpbWVzdGFtcCI6MTQ4NTg3NTYyNiwiaG9zdCI6ImdpdGh1Yi5jb20ifQ==">


      <link rel="mask-icon" href="https://assets-cdn.github.com/pinned-octocat.svg" color="#000000">
      <link rel="icon" type="image/x-icon" href="https://assets-cdn.github.com/favicon.ico">

    <meta name="html-safe-nonce" content="5be9007e81464c5136c871b860aa732e9776e992">

    <meta http-equiv="x-pjax-version" content="171691120cc202d9d7a038c068dc9712">
    

      
  <meta name="description" content="Bioinformatics-4-Molecular-Evolution - This repository contains code graded assignments from the course &quot;Bioinformatics-4 Molecular Evolution&quot; part of Bioinformatics specialization offered by University of California San Diego">
  <meta name="go-import" content="github.com/sidsriv/Bioinformatics-4-Molecular-Evolution git https://github.com/sidsriv/Bioinformatics-4-Molecular-Evolution.git">

  <meta content="21344733" name="octolytics-dimension-user_id" /><meta content="sidsriv" name="octolytics-dimension-user_login" /><meta content="73394728" name="octolytics-dimension-repository_id" /><meta content="sidsriv/Bioinformatics-4-Molecular-Evolution" name="octolytics-dimension-repository_nwo" /><meta content="true" name="octolytics-dimension-repository_public" /><meta content="false" name="octolytics-dimension-repository_is_fork" /><meta content="73394728" name="octolytics-dimension-repository_network_root_id" /><meta content="sidsriv/Bioinformatics-4-Molecular-Evolution" name="octolytics-dimension-repository_network_root_nwo" />
  <link href="https://github.com/sidsriv/Bioinformatics-4-Molecular-Evolution/commits/master.atom" rel="alternate" title="Recent Commits to Bioinformatics-4-Molecular-Evolution:master" type="application/atom+xml">


      <link rel="canonical" href="https://github.com/sidsriv/Bioinformatics-4-Molecular-Evolution/blob/master/week1/dataset_10330_6.txt" data-pjax-transient>
  </head>


  <body class="logged-out  env-production windows vis-public page-blob">
    <div id="js-pjax-loader-bar" class="pjax-loader-bar"><div class="progress"></div></div>
    <a href="#start-of-content" tabindex="1" class="accessibility-aid js-skip-to-content">Skip to content</a>

    
    
    



          <header class="site-header js-details-container Details alt-body-font" role="banner">
  <div class="container-responsive">
    <a class="header-logo-invertocat" href="https://github.com/" aria-label="Homepage" data-ga-click="(Logged out) Header, go to homepage, icon:logo-wordmark">
      <svg aria-hidden="true" class="octicon octicon-mark-github" height="32" version="1.1" viewBox="0 0 16 16" width="32"><path fill-rule="evenodd" d="M8 0C3.58 0 0 3.58 0 8c0 3.54 2.29 6.53 5.47 7.59.4.07.55-.17.55-.38 0-.19-.01-.82-.01-1.49-2.01.37-2.53-.49-2.69-.94-.09-.23-.48-.94-.82-1.13-.28-.15-.68-.52-.01-.53.63-.01 1.08.58 1.23.82.72 1.21 1.87.87 2.33.66.07-.52.28-.87.51-1.07-1.78-.2-3.64-.89-3.64-3.95 0-.87.31-1.59.82-2.15-.08-.2-.36-1.02.08-2.12 0 0 .67-.21 2.2.82.64-.18 1.32-.27 2-.27.68 0 1.36.09 2 .27 1.53-1.04 2.2-.82 2.2-.82.44 1.1.16 1.92.08 2.12.51.56.82 1.27.82 2.15 0 3.07-1.87 3.75-3.65 3.95.29.25.54.73.54 1.48 0 1.07-.01 1.93-.01 2.2 0 .21.15.46.55.38A8.013 8.013 0 0 0 16 8c0-4.42-3.58-8-8-8z"/></svg>
    </a>

    <button class="btn-link float-right site-header-toggle js-details-target" type="button" aria-label="Toggle navigation">
      <svg aria-hidden="true" class="octicon octicon-three-bars" height="24" version="1.1" viewBox="0 0 12 16" width="18"><path fill-rule="evenodd" d="M11.41 9H.59C0 9 0 8.59 0 8c0-.59 0-1 .59-1H11.4c.59 0 .59.41.59 1 0 .59 0 1-.59 1h.01zm0-4H.59C0 5 0 4.59 0 4c0-.59 0-1 .59-1H11.4c.59 0 .59.41.59 1 0 .59 0 1-.59 1h.01zM.59 11H11.4c.59 0 .59.41.59 1 0 .59 0 1-.59 1H.59C0 13 0 12.59 0 12c0-.59 0-1 .59-1z"/></svg>
    </button>

    <div class="site-header-menu">
      <nav class="site-header-nav site-header-nav-main">
        <a href="/personal" class="js-selected-navigation-item nav-item nav-item-personal" data-ga-click="Header, click, Nav menu - item:personal" data-selected-links="/personal /personal">
          Personal
</a>        <a href="/open-source" class="js-selected-navigation-item nav-item nav-item-opensource" data-ga-click="Header, click, Nav menu - item:opensource" data-selected-links="/open-source /open-source">
          Open source
</a>        <a href="/business" class="js-selected-navigation-item nav-item nav-item-business" data-ga-click="Header, click, Nav menu - item:business" data-selected-links="/business /business/partners /business/features /business/customers /business">
          Business
</a>        <a href="/explore" class="js-selected-navigation-item nav-item nav-item-explore" data-ga-click="Header, click, Nav menu - item:explore" data-selected-links="/explore /trending /trending/developers /integrations /integrations/feature/code /integrations/feature/collaborate /integrations/feature/ship /showcases /explore">
          Explore
</a>      </nav>

      <div class="site-header-actions">
            <a class="btn btn-primary site-header-actions-btn" href="/join?source=header-repo" data-ga-click="(Logged out) Header, clicked Sign up, text:sign-up">Sign up</a>
          <a class="btn site-header-actions-btn mr-1" href="/login?return_to=%2Fsidsriv%2FBioinformatics-4-Molecular-Evolution%2Fblob%2Fmaster%2Fweek1%2Fdataset_10330_6.txt" data-ga-click="(Logged out) Header, clicked Sign in, text:sign-in">Sign in</a>
      </div>

        <nav class="site-header-nav site-header-nav-secondary mr-md-3">
          <a class="nav-item" href="/pricing">Pricing</a>
          <a class="nav-item" href="/blog">Blog</a>
          <a class="nav-item" href="https://help.github.com">Support</a>
          <a class="nav-item header-search-link" href="https://github.com/search">Search GitHub</a>
              <div class="header-search scoped-search site-scoped-search js-site-search" role="search">
  <!-- '"` --><!-- </textarea></xmp> --></option></form><form accept-charset="UTF-8" action="/sidsriv/Bioinformatics-4-Molecular-Evolution/search" class="js-site-search-form" data-scoped-search-url="/sidsriv/Bioinformatics-4-Molecular-Evolution/search" data-unscoped-search-url="/search" method="get"><div style="margin:0;padding:0;display:inline"><input name="utf8" type="hidden" value="&#x2713;" /></div>
    <label class="form-control header-search-wrapper js-chromeless-input-container">
      <div class="header-search-scope">This repository</div>
      <input type="text"
        class="form-control header-search-input js-site-search-focus js-site-search-field is-clearable"
        data-hotkey="s"
        name="q"
        placeholder="Search"
        aria-label="Search this repository"
        data-unscoped-placeholder="Search GitHub"
        data-scoped-placeholder="Search"
        autocapitalize="off">
    </label>
</form></div>

        </nav>
    </div>
  </div>
</header>



    <div id="start-of-content" class="accessibility-aid"></div>

      <div id="js-flash-container">
</div>


    <div role="main">
        <div itemscope itemtype="http://schema.org/SoftwareSourceCode">
    <div id="js-repo-pjax-container" data-pjax-container>
      
<div class="pagehead repohead instapaper_ignore readability-menu experiment-repo-nav">
  <div class="container repohead-details-container">

    

<ul class="pagehead-actions">

  <li>
      <a href="/login?return_to=%2Fsidsriv%2FBioinformatics-4-Molecular-Evolution"
    class="btn btn-sm btn-with-count tooltipped tooltipped-n"
    aria-label="You must be signed in to watch a repository" rel="nofollow">
    <svg aria-hidden="true" class="octicon octicon-eye" height="16" version="1.1" viewBox="0 0 16 16" width="16"><path fill-rule="evenodd" d="M8.06 2C3 2 0 8 0 8s3 6 8.06 6C13 14 16 8 16 8s-3-6-7.94-6zM8 12c-2.2 0-4-1.78-4-4 0-2.2 1.8-4 4-4 2.22 0 4 1.8 4 4 0 2.22-1.78 4-4 4zm2-4c0 1.11-.89 2-2 2-1.11 0-2-.89-2-2 0-1.11.89-2 2-2 1.11 0 2 .89 2 2z"/></svg>
    Watch
  </a>
  <a class="social-count" href="/sidsriv/Bioinformatics-4-Molecular-Evolution/watchers"
     aria-label="0 users are watching this repository">
    0
  </a>

  </li>

  <li>
      <a href="/login?return_to=%2Fsidsriv%2FBioinformatics-4-Molecular-Evolution"
    class="btn btn-sm btn-with-count tooltipped tooltipped-n"
    aria-label="You must be signed in to star a repository" rel="nofollow">
    <svg aria-hidden="true" class="octicon octicon-star" height="16" version="1.1" viewBox="0 0 14 16" width="14"><path fill-rule="evenodd" d="M14 6l-4.9-.64L7 1 4.9 5.36 0 6l3.6 3.26L2.67 14 7 11.67 11.33 14l-.93-4.74z"/></svg>
    Star
  </a>

    <a class="social-count js-social-count" href="/sidsriv/Bioinformatics-4-Molecular-Evolution/stargazers"
      aria-label="0 users starred this repository">
      0
    </a>

  </li>

  <li>
      <a href="/login?return_to=%2Fsidsriv%2FBioinformatics-4-Molecular-Evolution"
        class="btn btn-sm btn-with-count tooltipped tooltipped-n"
        aria-label="You must be signed in to fork a repository" rel="nofollow">
        <svg aria-hidden="true" class="octicon octicon-repo-forked" height="16" version="1.1" viewBox="0 0 10 16" width="10"><path fill-rule="evenodd" d="M8 1a1.993 1.993 0 0 0-1 3.72V6L5 8 3 6V4.72A1.993 1.993 0 0 0 2 1a1.993 1.993 0 0 0-1 3.72V6.5l3 3v1.78A1.993 1.993 0 0 0 5 15a1.993 1.993 0 0 0 1-3.72V9.5l3-3V4.72A1.993 1.993 0 0 0 8 1zM2 4.2C1.34 4.2.8 3.65.8 3c0-.65.55-1.2 1.2-1.2.65 0 1.2.55 1.2 1.2 0 .65-.55 1.2-1.2 1.2zm3 10c-.66 0-1.2-.55-1.2-1.2 0-.65.55-1.2 1.2-1.2.65 0 1.2.55 1.2 1.2 0 .65-.55 1.2-1.2 1.2zm3-10c-.66 0-1.2-.55-1.2-1.2 0-.65.55-1.2 1.2-1.2.65 0 1.2.55 1.2 1.2 0 .65-.55 1.2-1.2 1.2z"/></svg>
        Fork
      </a>

    <a href="/sidsriv/Bioinformatics-4-Molecular-Evolution/network" class="social-count"
       aria-label="1 user forked this repository">
      1
    </a>
  </li>
</ul>

    <h1 class="public ">
  <svg aria-hidden="true" class="octicon octicon-repo" height="16" version="1.1" viewBox="0 0 12 16" width="12"><path fill-rule="evenodd" d="M4 9H3V8h1v1zm0-3H3v1h1V6zm0-2H3v1h1V4zm0-2H3v1h1V2zm8-1v12c0 .55-.45 1-1 1H6v2l-1.5-1.5L3 16v-2H1c-.55 0-1-.45-1-1V1c0-.55.45-1 1-1h10c.55 0 1 .45 1 1zm-1 10H1v2h2v-1h3v1h5v-2zm0-10H2v9h9V1z"/></svg>
  <span class="author" itemprop="author"><a href="/sidsriv" class="url fn" rel="author">sidsriv</a></span><!--
--><span class="path-divider">/</span><!--
--><strong itemprop="name"><a href="/sidsriv/Bioinformatics-4-Molecular-Evolution" data-pjax="#js-repo-pjax-container">Bioinformatics-4-Molecular-Evolution</a></strong>

</h1>

  </div>
  <div class="container">
    
<nav class="reponav js-repo-nav js-sidenav-container-pjax"
     itemscope
     itemtype="http://schema.org/BreadcrumbList"
     role="navigation"
     data-pjax="#js-repo-pjax-container">

  <span itemscope itemtype="http://schema.org/ListItem" itemprop="itemListElement">
    <a href="/sidsriv/Bioinformatics-4-Molecular-Evolution" class="js-selected-navigation-item selected reponav-item" data-hotkey="g c" data-selected-links="repo_source repo_downloads repo_commits repo_releases repo_tags repo_branches /sidsriv/Bioinformatics-4-Molecular-Evolution" itemprop="url">
      <svg aria-hidden="true" class="octicon octicon-code" height="16" version="1.1" viewBox="0 0 14 16" width="14"><path fill-rule="evenodd" d="M9.5 3L8 4.5 11.5 8 8 11.5 9.5 13 14 8 9.5 3zm-5 0L0 8l4.5 5L6 11.5 2.5 8 6 4.5 4.5 3z"/></svg>
      <span itemprop="name">Code</span>
      <meta itemprop="position" content="1">
</a>  </span>

    <span itemscope itemtype="http://schema.org/ListItem" itemprop="itemListElement">
      <a href="/sidsriv/Bioinformatics-4-Molecular-Evolution/issues" class="js-selected-navigation-item reponav-item" data-hotkey="g i" data-selected-links="repo_issues repo_labels repo_milestones /sidsriv/Bioinformatics-4-Molecular-Evolution/issues" itemprop="url">
        <svg aria-hidden="true" class="octicon octicon-issue-opened" height="16" version="1.1" viewBox="0 0 14 16" width="14"><path fill-rule="evenodd" d="M7 2.3c3.14 0 5.7 2.56 5.7 5.7s-2.56 5.7-5.7 5.7A5.71 5.71 0 0 1 1.3 8c0-3.14 2.56-5.7 5.7-5.7zM7 1C3.14 1 0 4.14 0 8s3.14 7 7 7 7-3.14 7-7-3.14-7-7-7zm1 3H6v5h2V4zm0 6H6v2h2v-2z"/></svg>
        <span itemprop="name">Issues</span>
        <span class="counter">0</span>
        <meta itemprop="position" content="2">
</a>    </span>

  <span itemscope itemtype="http://schema.org/ListItem" itemprop="itemListElement">
    <a href="/sidsriv/Bioinformatics-4-Molecular-Evolution/pulls" class="js-selected-navigation-item reponav-item" data-hotkey="g p" data-selected-links="repo_pulls /sidsriv/Bioinformatics-4-Molecular-Evolution/pulls" itemprop="url">
      <svg aria-hidden="true" class="octicon octicon-git-pull-request" height="16" version="1.1" viewBox="0 0 12 16" width="12"><path fill-rule="evenodd" d="M11 11.28V5c-.03-.78-.34-1.47-.94-2.06C9.46 2.35 8.78 2.03 8 2H7V0L4 3l3 3V4h1c.27.02.48.11.69.31.21.2.3.42.31.69v6.28A1.993 1.993 0 0 0 10 15a1.993 1.993 0 0 0 1-3.72zm-1 2.92c-.66 0-1.2-.55-1.2-1.2 0-.65.55-1.2 1.2-1.2.65 0 1.2.55 1.2 1.2 0 .65-.55 1.2-1.2 1.2zM4 3c0-1.11-.89-2-2-2a1.993 1.993 0 0 0-1 3.72v6.56A1.993 1.993 0 0 0 2 15a1.993 1.993 0 0 0 1-3.72V4.72c.59-.34 1-.98 1-1.72zm-.8 10c0 .66-.55 1.2-1.2 1.2-.65 0-1.2-.55-1.2-1.2 0-.65.55-1.2 1.2-1.2.65 0 1.2.55 1.2 1.2zM2 4.2C1.34 4.2.8 3.65.8 3c0-.65.55-1.2 1.2-1.2.65 0 1.2.55 1.2 1.2 0 .65-.55 1.2-1.2 1.2z"/></svg>
      <span itemprop="name">Pull requests</span>
      <span class="counter">0</span>
      <meta itemprop="position" content="3">
</a>  </span>

  <a href="/sidsriv/Bioinformatics-4-Molecular-Evolution/projects" class="js-selected-navigation-item reponav-item" data-selected-links="repo_projects new_repo_project repo_project /sidsriv/Bioinformatics-4-Molecular-Evolution/projects">
    <svg aria-hidden="true" class="octicon octicon-project" height="16" version="1.1" viewBox="0 0 15 16" width="15"><path fill-rule="evenodd" d="M10 12h3V2h-3v10zm-4-2h3V2H6v8zm-4 4h3V2H2v12zm-1 1h13V1H1v14zM14 0H1a1 1 0 0 0-1 1v14a1 1 0 0 0 1 1h13a1 1 0 0 0 1-1V1a1 1 0 0 0-1-1z"/></svg>
    Projects
    <span class="counter">0</span>
</a>


  <a href="/sidsriv/Bioinformatics-4-Molecular-Evolution/pulse" class="js-selected-navigation-item reponav-item" data-selected-links="pulse /sidsriv/Bioinformatics-4-Molecular-Evolution/pulse">
    <svg aria-hidden="true" class="octicon octicon-pulse" height="16" version="1.1" viewBox="0 0 14 16" width="14"><path fill-rule="evenodd" d="M11.5 8L8.8 5.4 6.6 8.5 5.5 1.6 2.38 8H0v2h3.6l.9-1.8.9 5.4L9 8.5l1.6 1.5H14V8z"/></svg>
    Pulse
</a>
  <a href="/sidsriv/Bioinformatics-4-Molecular-Evolution/graphs" class="js-selected-navigation-item reponav-item" data-selected-links="repo_graphs repo_contributors /sidsriv/Bioinformatics-4-Molecular-Evolution/graphs">
    <svg aria-hidden="true" class="octicon octicon-graph" height="16" version="1.1" viewBox="0 0 16 16" width="16"><path fill-rule="evenodd" d="M16 14v1H0V0h1v14h15zM5 13H3V8h2v5zm4 0H7V3h2v10zm4 0h-2V6h2v7z"/></svg>
    Graphs
</a>

</nav>

  </div>
</div>

<div class="container new-discussion-timeline experiment-repo-nav">
  <div class="repository-content">

    

<a href="/sidsriv/Bioinformatics-4-Molecular-Evolution/blob/422ddd4b479e391265f27738a25a3d15c8b54dd6/week1/dataset_10330_6.txt" class="d-none js-permalink-shortcut" data-hotkey="y">Permalink</a>

<!-- blob contrib key: blob_contributors:v21:b708315dab9ab39387f9050abf869fef -->

<div class="file-navigation js-zeroclipboard-container">
  
<div class="select-menu branch-select-menu js-menu-container js-select-menu float-left">
  <button class="btn btn-sm select-menu-button js-menu-target css-truncate" data-hotkey="w"
    
    type="button" aria-label="Switch branches or tags" tabindex="0" aria-haspopup="true">
    <i>Branch:</i>
    <span class="js-select-button css-truncate-target">master</span>
  </button>

  <div class="select-menu-modal-holder js-menu-content js-navigation-container" data-pjax aria-hidden="true">

    <div class="select-menu-modal">
      <div class="select-menu-header">
        <svg aria-label="Close" class="octicon octicon-x js-menu-close" height="16" role="img" version="1.1" viewBox="0 0 12 16" width="12"><path fill-rule="evenodd" d="M7.48 8l3.75 3.75-1.48 1.48L6 9.48l-3.75 3.75-1.48-1.48L4.52 8 .77 4.25l1.48-1.48L6 6.52l3.75-3.75 1.48 1.48z"/></svg>
        <span class="select-menu-title">Switch branches/tags</span>
      </div>

      <div class="select-menu-filters">
        <div class="select-menu-text-filter">
          <input type="text" aria-label="Filter branches/tags" id="context-commitish-filter-field" class="form-control js-filterable-field js-navigation-enable" placeholder="Filter branches/tags">
        </div>
        <div class="select-menu-tabs">
          <ul>
            <li class="select-menu-tab">
              <a href="#" data-tab-filter="branches" data-filter-placeholder="Filter branches/tags" class="js-select-menu-tab" role="tab">Branches</a>
            </li>
            <li class="select-menu-tab">
              <a href="#" data-tab-filter="tags" data-filter-placeholder="Find a tag…" class="js-select-menu-tab" role="tab">Tags</a>
            </li>
          </ul>
        </div>
      </div>

      <div class="select-menu-list select-menu-tab-bucket js-select-menu-tab-bucket" data-tab-filter="branches" role="menu">

        <div data-filterable-for="context-commitish-filter-field" data-filterable-type="substring">


            <a class="select-menu-item js-navigation-item js-navigation-open selected"
               href="/sidsriv/Bioinformatics-4-Molecular-Evolution/blob/master/week1/dataset_10330_6.txt"
               data-name="master"
               data-skip-pjax="true"
               rel="nofollow">
              <svg aria-hidden="true" class="octicon octicon-check select-menu-item-icon" height="16" version="1.1" viewBox="0 0 12 16" width="12"><path fill-rule="evenodd" d="M12 5l-8 8-4-4 1.5-1.5L4 10l6.5-6.5z"/></svg>
              <span class="select-menu-item-text css-truncate-target js-select-menu-filter-text">
                master
              </span>
            </a>
        </div>

          <div class="select-menu-no-results">Nothing to show</div>
      </div>

      <div class="select-menu-list select-menu-tab-bucket js-select-menu-tab-bucket" data-tab-filter="tags">
        <div data-filterable-for="context-commitish-filter-field" data-filterable-type="substring">


        </div>

        <div class="select-menu-no-results">Nothing to show</div>
      </div>

    </div>
  </div>
</div>

  <div class="BtnGroup float-right">
    <a href="/sidsriv/Bioinformatics-4-Molecular-Evolution/find/master"
          class="js-pjax-capture-input btn btn-sm BtnGroup-item"
          data-pjax
          data-hotkey="t">
      Find file
    </a>
    <button aria-label="Copy file path to clipboard" class="js-zeroclipboard btn btn-sm BtnGroup-item tooltipped tooltipped-s" data-copied-hint="Copied!" type="button">Copy path</button>
  </div>
  <div class="breadcrumb js-zeroclipboard-target">
    <span class="repo-root js-repo-root"><span class="js-path-segment"><a href="/sidsriv/Bioinformatics-4-Molecular-Evolution"><span>Bioinformatics-4-Molecular-Evolution</span></a></span></span><span class="separator">/</span><span class="js-path-segment"><a href="/sidsriv/Bioinformatics-4-Molecular-Evolution/tree/master/week1"><span>week1</span></a></span><span class="separator">/</span><strong class="final-path">dataset_10330_6.txt</strong>
  </div>
</div>

<include-fragment class="commit-tease" src="/sidsriv/Bioinformatics-4-Molecular-Evolution/contributors/master/week1/dataset_10330_6.txt">
  <div>
    Fetching contributors&hellip;
  </div>

  <div class="commit-tease-contributors">
    <img alt="" class="loader-loading float-left" height="16" src="https://assets-cdn.github.com/images/spinners/octocat-spinner-32-EAF2F5.gif" width="16" />
    <span class="loader-error">Cannot retrieve contributors at this time</span>
  </div>
</include-fragment>

<div class="file">
  <div class="file-header">
  <div class="file-actions">

    <div class="BtnGroup">
      <a href="/sidsriv/Bioinformatics-4-Molecular-Evolution/raw/master/week1/dataset_10330_6.txt" class="btn btn-sm BtnGroup-item" id="raw-url">Raw</a>
        <a href="/sidsriv/Bioinformatics-4-Molecular-Evolution/blame/master/week1/dataset_10330_6.txt" class="btn btn-sm js-update-url-with-hash BtnGroup-item" data-hotkey="b">Blame</a>
      <a href="/sidsriv/Bioinformatics-4-Molecular-Evolution/commits/master/week1/dataset_10330_6.txt" class="btn btn-sm BtnGroup-item" rel="nofollow">History</a>
    </div>

        <a class="btn-octicon tooltipped tooltipped-nw"
           href="https://windows.github.com"
           aria-label="Open this file in GitHub Desktop"
           data-ga-click="Repository, open with desktop, type:windows">
            <svg aria-hidden="true" class="octicon octicon-device-desktop" height="16" version="1.1" viewBox="0 0 16 16" width="16"><path fill-rule="evenodd" d="M15 2H1c-.55 0-1 .45-1 1v9c0 .55.45 1 1 1h5.34c-.25.61-.86 1.39-2.34 2h8c-1.48-.61-2.09-1.39-2.34-2H15c.55 0 1-.45 1-1V3c0-.55-.45-1-1-1zm0 9H1V3h14v8z"/></svg>
        </a>

        <button type="button" class="btn-octicon disabled tooltipped tooltipped-nw"
          aria-label="You must be signed in to make or propose changes">
          <svg aria-hidden="true" class="octicon octicon-pencil" height="16" version="1.1" viewBox="0 0 14 16" width="14"><path fill-rule="evenodd" d="M0 12v3h3l8-8-3-3-8 8zm3 2H1v-2h1v1h1v1zm10.3-9.3L12 6 9 3l1.3-1.3a.996.996 0 0 1 1.41 0l1.59 1.59c.39.39.39 1.02 0 1.41z"/></svg>
        </button>
        <button type="button" class="btn-octicon btn-octicon-danger disabled tooltipped tooltipped-nw"
          aria-label="You must be signed in to make or propose changes">
          <svg aria-hidden="true" class="octicon octicon-trashcan" height="16" version="1.1" viewBox="0 0 12 16" width="12"><path fill-rule="evenodd" d="M11 2H9c0-.55-.45-1-1-1H5c-.55 0-1 .45-1 1H2c-.55 0-1 .45-1 1v1c0 .55.45 1 1 1v9c0 .55.45 1 1 1h7c.55 0 1-.45 1-1V5c.55 0 1-.45 1-1V3c0-.55-.45-1-1-1zm-1 12H3V5h1v8h1V5h1v8h1V5h1v8h1V5h1v9zm1-10H2V3h9v1z"/></svg>
        </button>
  </div>

  <div class="file-info">
      30 lines (29 sloc)
      <span class="file-info-divider"></span>
    3.83 KB
  </div>
</div>

  

  <div itemprop="text" class="blob-wrapper data type-text">
      <table class="highlight tab-size js-file-line-container" data-tab-size="8">
      <tr>
        <td id="L1" class="blob-num js-line-number" data-line-number="1"></td>
        <td id="LC1" class="blob-code blob-code-inner js-file-line">28</td>
      </tr>
      <tr>
        <td id="L2" class="blob-num js-line-number" data-line-number="2"></td>
        <td id="LC2" class="blob-code blob-code-inner js-file-line">0 13177 10449 8430 12199 13035 10898 9253 9449 2394 1709 3778 5327 3516 4838 4092 4724 7058 3823 1873 11806 3964 8821 1694 4287 6172 11634 6935</td>
      </tr>
      <tr>
        <td id="L3" class="blob-num js-line-number" data-line-number="3"></td>
        <td id="LC3" class="blob-code blob-code-inner js-file-line">13177 0 3388 6565 1966 1260 3563 4634 4212 12015 11924 11151 9378 11611 9257 10733 10055 7163 10754 13530 2797 10289 4992 13351 9726 8275 2753 7792</td>
      </tr>
      <tr>
        <td id="L4" class="blob-num js-line-number" data-line-number="4"></td>
        <td id="LC4" class="blob-code blob-code-inner js-file-line">10449 3388 0 3837 2410 3246 1109 1906 1484 9287 9196 8423 6650 8883 6529 8005 7327 4435 8026 10802 2017 7561 2264 10623 6998 5547 1845 5064</td>
      </tr>
      <tr>
        <td id="L5" class="blob-num js-line-number" data-line-number="5"></td>
        <td id="LC5" class="blob-code blob-code-inner js-file-line">8430 6565 3837 0 5587 6423 4286 2641 2837 7268 7177 6404 4631 6864 4510 5986 5308 2416 6007 8783 5194 5542 2209 8604 4979 3528 5022 3045</td>
      </tr>
      <tr>
        <td id="L6" class="blob-num js-line-number" data-line-number="6"></td>
        <td id="LC6" class="blob-code blob-code-inner js-file-line">12199 1966 2410 5587 0 1824 2585 3656 3234 11037 10946 10173 8400 10633 8279 9755 9077 6185 9776 12552 1819 9311 4014 12373 8748 7297 1775 6814</td>
      </tr>
      <tr>
        <td id="L7" class="blob-num js-line-number" data-line-number="7"></td>
        <td id="LC7" class="blob-code blob-code-inner js-file-line">13035 1260 3246 6423 1824 0 3421 4492 4070 11873 11782 11009 9236 11469 9115 10591 9913 7021 10612 13388 2655 10147 4850 13209 9584 8133 2611 7650</td>
      </tr>
      <tr>
        <td id="L8" class="blob-num js-line-number" data-line-number="8"></td>
        <td id="LC8" class="blob-code blob-code-inner js-file-line">10898 3563 1109 4286 2585 3421 0 2355 1933 9736 9645 8872 7099 9332 6978 8454 7776 4884 8475 11251 2192 8010 2713 11072 7447 5996 2020 5513</td>
      </tr>
      <tr>
        <td id="L9" class="blob-num js-line-number" data-line-number="9"></td>
        <td id="LC9" class="blob-code blob-code-inner js-file-line">9253 4634 1906 2641 3656 4492 2355 0 906 8091 8000 7227 5454 7687 5333 6809 6131 3239 6830 9606 3263 6365 1068 9427 5802 4351 3091 3868</td>
      </tr>
      <tr>
        <td id="L10" class="blob-num js-line-number" data-line-number="10"></td>
        <td id="LC10" class="blob-code blob-code-inner js-file-line">9449 4212 1484 2837 3234 4070 1933 906 0 8287 8196 7423 5650 7883 5529 7005 6327 3435 7026 9802 2841 6561 1264 9623 5998 4547 2669 4064</td>
      </tr>
      <tr>
        <td id="L11" class="blob-num js-line-number" data-line-number="11"></td>
        <td id="LC11" class="blob-code blob-code-inner js-file-line">2394 12015 9287 7268 11037 11873 9736 8091 8287 0 1141 2616 4165 2354 3676 2930 3562 5896 2661 2747 10644 2802 7659 2568 3125 5010 10472 5773</td>
      </tr>
      <tr>
        <td id="L12" class="blob-num js-line-number" data-line-number="12"></td>
        <td id="LC12" class="blob-code blob-code-inner js-file-line">1709 11924 9196 7177 10946 11782 9645 8000 8196 1141 0 2525 4074 2263 3585 2839 3471 5805 2570 2062 10553 2711 7568 1883 3034 4919 10381 5682</td>
      </tr>
      <tr>
        <td id="L13" class="blob-num js-line-number" data-line-number="13"></td>
        <td id="LC13" class="blob-code blob-code-inner js-file-line">3778 11151 8423 6404 10173 11009 8872 7227 7423 2616 2525 0 3301 2212 2812 2066 2698 5032 1797 4131 9780 1938 6795 3952 2261 4146 9608 4909</td>
      </tr>
      <tr>
        <td id="L14" class="blob-num js-line-number" data-line-number="14"></td>
        <td id="LC14" class="blob-code blob-code-inner js-file-line">5327 9378 6650 4631 8400 9236 7099 5454 5650 4165 4074 3301 0 3761 1407 2883 2205 3259 2904 5680 8007 2439 5022 5501 1876 2373 7835 3136</td>
      </tr>
      <tr>
        <td id="L15" class="blob-num js-line-number" data-line-number="15"></td>
        <td id="LC15" class="blob-code blob-code-inner js-file-line">3516 11611 8883 6864 10633 11469 9332 7687 7883 2354 2263 2212 3761 0 3272 2526 3158 5492 2257 3869 10240 2398 7255 3690 2721 4606 10068 5369</td>
      </tr>
      <tr>
        <td id="L16" class="blob-num js-line-number" data-line-number="16"></td>
        <td id="LC16" class="blob-code blob-code-inner js-file-line">4838 9257 6529 4510 8279 9115 6978 5333 5529 3676 3585 2812 1407 3272 0 2394 1716 3138 2415 5191 7886 1950 4901 5012 1387 2252 7714 3015</td>
      </tr>
      <tr>
        <td id="L17" class="blob-num js-line-number" data-line-number="17"></td>
        <td id="LC17" class="blob-code blob-code-inner js-file-line">4092 10733 8005 5986 9755 10591 8454 6809 7005 2930 2839 2066 2883 2526 2394 0 2280 4614 1669 4445 9362 1520 6377 4266 1843 3728 9190 4491</td>
      </tr>
      <tr>
        <td id="L18" class="blob-num js-line-number" data-line-number="18"></td>
        <td id="LC18" class="blob-code blob-code-inner js-file-line">4724 10055 7327 5308 9077 9913 7776 6131 6327 3562 3471 2698 2205 3158 1716 2280 0 3936 2301 5077 8684 1836 5699 4898 1273 3050 8512 3813</td>
      </tr>
      <tr>
        <td id="L19" class="blob-num js-line-number" data-line-number="19"></td>
        <td id="LC19" class="blob-code blob-code-inner js-file-line">7058 7163 4435 2416 6185 7021 4884 3239 3435 5896 5805 5032 3259 5492 3138 4614 3936 0 4635 7411 5792 4170 2807 7232 3607 2156 5620 1673</td>
      </tr>
      <tr>
        <td id="L20" class="blob-num js-line-number" data-line-number="20"></td>
        <td id="LC20" class="blob-code blob-code-inner js-file-line">3823 10754 8026 6007 9776 10612 8475 6830 7026 2661 2570 1797 2904 2257 2415 1669 2301 4635 0 4176 9383 1541 6398 3997 1864 3749 9211 4512</td>
      </tr>
      <tr>
        <td id="L21" class="blob-num js-line-number" data-line-number="21"></td>
        <td id="LC21" class="blob-code blob-code-inner js-file-line">1873 13530 10802 8783 12552 13388 11251 9606 9802 2747 2062 4131 5680 3869 5191 4445 5077 7411 4176 0 12159 4317 9174 695 4640 6525 11987 7288</td>
      </tr>
      <tr>
        <td id="L22" class="blob-num js-line-number" data-line-number="22"></td>
        <td id="LC22" class="blob-code blob-code-inner js-file-line">11806 2797 2017 5194 1819 2655 2192 3263 2841 10644 10553 9780 8007 10240 7886 9362 8684 5792 9383 12159 0 8918 3621 11980 8355 6904 1382 6421</td>
      </tr>
      <tr>
        <td id="L23" class="blob-num js-line-number" data-line-number="23"></td>
        <td id="LC23" class="blob-code blob-code-inner js-file-line">3964 10289 7561 5542 9311 10147 8010 6365 6561 2802 2711 1938 2439 2398 1950 1520 1836 4170 1541 4317 8918 0 5933 4138 1399 3284 8746 4047</td>
      </tr>
      <tr>
        <td id="L24" class="blob-num js-line-number" data-line-number="24"></td>
        <td id="LC24" class="blob-code blob-code-inner js-file-line">8821 4992 2264 2209 4014 4850 2713 1068 1264 7659 7568 6795 5022 7255 4901 6377 5699 2807 6398 9174 3621 5933 0 8995 5370 3919 3449 3436</td>
      </tr>
      <tr>
        <td id="L25" class="blob-num js-line-number" data-line-number="25"></td>
        <td id="LC25" class="blob-code blob-code-inner js-file-line">1694 13351 10623 8604 12373 13209 11072 9427 9623 2568 1883 3952 5501 3690 5012 4266 4898 7232 3997 695 11980 4138 8995 0 4461 6346 11808 7109</td>
      </tr>
      <tr>
        <td id="L26" class="blob-num js-line-number" data-line-number="26"></td>
        <td id="LC26" class="blob-code blob-code-inner js-file-line">4287 9726 6998 4979 8748 9584 7447 5802 5998 3125 3034 2261 1876 2721 1387 1843 1273 3607 1864 4640 8355 1399 5370 4461 0 2721 8183 3484</td>
      </tr>
      <tr>
        <td id="L27" class="blob-num js-line-number" data-line-number="27"></td>
        <td id="LC27" class="blob-code blob-code-inner js-file-line">6172 8275 5547 3528 7297 8133 5996 4351 4547 5010 4919 4146 2373 4606 2252 3728 3050 2156 3749 6525 6904 3284 3919 6346 2721 0 6732 2033</td>
      </tr>
      <tr>
        <td id="L28" class="blob-num js-line-number" data-line-number="28"></td>
        <td id="LC28" class="blob-code blob-code-inner js-file-line">11634 2753 1845 5022 1775 2611 2020 3091 2669 10472 10381 9608 7835 10068 7714 9190 8512 5620 9211 11987 1382 8746 3449 11808 8183 6732 0 6249</td>
      </tr>
      <tr>
        <td id="L29" class="blob-num js-line-number" data-line-number="29"></td>
        <td id="LC29" class="blob-code blob-code-inner js-file-line">6935 7792 5064 3045 6814 7650 5513 3868 4064 5773 5682 4909 3136 5369 3015 4491 3813 1673 4512 7288 6421 4047 3436 7109 3484 2033 6249 0</td>
      </tr>
</table>

  </div>

</div>

<button type="button" data-facebox="#jump-to-line" data-facebox-class="linejump" data-hotkey="l" class="d-none">Jump to Line</button>
<div id="jump-to-line" style="display:none">
  <!-- '"` --><!-- </textarea></xmp> --></option></form><form accept-charset="UTF-8" action="" class="js-jump-to-line-form" method="get"><div style="margin:0;padding:0;display:inline"><input name="utf8" type="hidden" value="&#x2713;" /></div>
    <input class="form-control linejump-input js-jump-to-line-field" type="text" placeholder="Jump to line&hellip;" aria-label="Jump to line" autofocus>
    <button type="submit" class="btn">Go</button>
</form></div>

  </div>
  <div class="modal-backdrop js-touch-events"></div>
</div>


    </div>
  </div>

    </div>

        <div class="container site-footer-container">
  <div class="site-footer" role="contentinfo">
    <ul class="site-footer-links float-right">
        <li><a href="https://github.com/contact" data-ga-click="Footer, go to contact, text:contact">Contact GitHub</a></li>
      <li><a href="https://developer.github.com" data-ga-click="Footer, go to api, text:api">API</a></li>
      <li><a href="https://training.github.com" data-ga-click="Footer, go to training, text:training">Training</a></li>
      <li><a href="https://shop.github.com" data-ga-click="Footer, go to shop, text:shop">Shop</a></li>
        <li><a href="https://github.com/blog" data-ga-click="Footer, go to blog, text:blog">Blog</a></li>
        <li><a href="https://github.com/about" data-ga-click="Footer, go to about, text:about">About</a></li>

    </ul>

    <a href="https://github.com" aria-label="Homepage" class="site-footer-mark" title="GitHub">
      <svg aria-hidden="true" class="octicon octicon-mark-github" height="24" version="1.1" viewBox="0 0 16 16" width="24"><path fill-rule="evenodd" d="M8 0C3.58 0 0 3.58 0 8c0 3.54 2.29 6.53 5.47 7.59.4.07.55-.17.55-.38 0-.19-.01-.82-.01-1.49-2.01.37-2.53-.49-2.69-.94-.09-.23-.48-.94-.82-1.13-.28-.15-.68-.52-.01-.53.63-.01 1.08.58 1.23.82.72 1.21 1.87.87 2.33.66.07-.52.28-.87.51-1.07-1.78-.2-3.64-.89-3.64-3.95 0-.87.31-1.59.82-2.15-.08-.2-.36-1.02.08-2.12 0 0 .67-.21 2.2.82.64-.18 1.32-.27 2-.27.68 0 1.36.09 2 .27 1.53-1.04 2.2-.82 2.2-.82.44 1.1.16 1.92.08 2.12.51.56.82 1.27.82 2.15 0 3.07-1.87 3.75-3.65 3.95.29.25.54.73.54 1.48 0 1.07-.01 1.93-.01 2.2 0 .21.15.46.55.38A8.013 8.013 0 0 0 16 8c0-4.42-3.58-8-8-8z"/></svg>
</a>
    <ul class="site-footer-links">
      <li>&copy; 2017 <span title="0.14311s from github-fe120-cp1-prd.iad.github.net">GitHub</span>, Inc.</li>
        <li><a href="https://github.com/site/terms" data-ga-click="Footer, go to terms, text:terms">Terms</a></li>
        <li><a href="https://github.com/site/privacy" data-ga-click="Footer, go to privacy, text:privacy">Privacy</a></li>
        <li><a href="https://github.com/security" data-ga-click="Footer, go to security, text:security">Security</a></li>
        <li><a href="https://status.github.com/" data-ga-click="Footer, go to status, text:status">Status</a></li>
        <li><a href="https://help.github.com" data-ga-click="Footer, go to help, text:help">Help</a></li>
